0.0000
3.0000
2.2679
2.2679
1.0000
2.0000
2.0000
2.0000
3.0000
3.0000
3.0000
2.0000
1.0000
3.0000
1.0000
1.0000
1.0000
2.0000
3.0000
1.0000
2.0000
2.0000
1.0000
3.0000
1.0000
3.0000
1.0000
2.0000
3.0000
3.0000
3.0000
1.0000
1.0000
1.0000
1.0000
2.0000
1.0000
3.0000
2.0000
3.0000
1.0000
3.0000
3.0000
3.0000
11.0250
11.0000
0.0000
14.0000
0.0000
11.0294
0.0000
7.2967
0.0000
0.0250
9.7538
20.0000
6.0000
14.0000
0.0000
12.0000
18.0913
17.0000
19.0000
0.2668
19.0000
0.0000
20.0000
20.0000
18.0000
5.0000
12.0000
20.0000
3.7530
1.4773
8.0455
2.0000
20.0000
16.0000
0.0000
20.0000
13.0000
4.2691
2.5778
15.0000
6.1010
4.7085
7.2679
4.5279
10.3542
14.0000
9.2679
9.3542
1.7639
14.2679
5.7639
6.7085
5.7085
7.1010
8.1010
5.7085
3.7639
3.3542
6.5279
9.5279
12.7639
11.7639
3.0000
8.0000
4.0000
3.3542
10.2679
9.5279
11.2679
8.2679
11.7639
4.0000
4.7639
4.5279
6.2679
12.7639
7.1010
4.7085
8.3542
6.1010
20.0000
18.0000
18.0000
13.7550
19.0000
14.0000
0.0000
1.0940
0.0000
0.0000
20.0000
19.0000
2.2668
20.0000
20.0000
16.0000
20.0000
18.0000
0.0000
18.0000
15.0000
20.0000
20.0000
20.0000
20.0000
6.0455
20.0000
17.0000
20.0000
0.1833
20.0000
20.0000
20.0000
6.0455
18.0000
2.6795
16.0000
16.0000
3.5100
20.0000
